4,1
4,0
3,3
3,2
3,1
3,0
2,7
2,6
2,5
2,3
2,1
2,0
1,3
1,1
1,0
0,567
0,496
0,495
0,490
0,465
0,385
0,326
0,323
0,9
0,497
0,305
0,308
0,304
0,303
0,302
0,307
0,12
0,10
0,8
0,0
0,429
0,559
0,300
0,427
0,508
0,299
0,425
0,460
0,298
0,423
0,422
0,297
0,498
0,485
0,296
0,484
0,295
0,532
0,421
0,294
0,420
0,293
0,419
0,292
0,530
0,483
0,291
0,418
0,290
0,482
0,289
0,528
0,571
0,288
0,527
0,415
0,287
0,526
0,459
0,286
0,413
0,285
0,480
0,284
0,564
0,525
0,283
0,524
0,447
0,282
0,523
0,417
0,281
0,562
0,412
0,280
0,408
0,279
0,406
0,278
0,404
0,277
0,402
0,276
0,400
0,399
0,275
0,398
0,274
0,479
0,273
0,522
0,521
0,272
0,550
0,396
0,271
0,395
0,270
0,518
0,394
0,269
0,477
0,268
0,539
0,267
0,554
0,488
0,266
0,516
0,441
0,265
0,390
0,439
0,264
0,388
0,555
0,263
0,386
0,434
0,262
0,384
0,383
0,261
0,382
0,381
0,260
0,380
0,259
0,476
0,475
0,258
0,538
0,537
0,257
0,481
0,378
0,256
0,551
0,377
0,255
0,376
0,254
0,472
0,474
0,253
0,549
0,515
0,252
0,414
0,375
0,251
0,473
0,464
0,250
0,547
0,373
0,249
4,2
4,3
7,1
7,2
7,4
13,0
13,3
14,1
14,2
14,4
20,0
20,2
20,5
20,6
22,1
22,2
22,5
22,6
26,1
27,0
27,1
27,3
27,4
30,0
30,2
30,3
30,5
30,6
30,8
33,0
33,2
33,4
47,1
47,3
47,4
49,1
49,3
49,4
51,0
51,1
51,3
51,4
51,6
51,8
51,9
51,13
51,14
51,17
51,20
54,0
54,2
54,3
54,5
54,10
54,14
54,23
54,31
54,38
54,42
54,51
54,53
54,56
54,61
54,63
54,75
54,77
54,82
54,86
54,87
54,97
54,98
56,0
56,2
56,3
63,1
63,2
63,4
63,6
63,7
63,9
63,10
63,12
63,13
63,15
63,17
63,18
63,20
63,22
63,24
63,26
63,27
63,29
63,30
63,32
63,34
63,35
63,37
63,38
63,40
63,41
63,43
63,45
63,46
63,48
63,49
63,51
63,53
63,54
63,56
63,57
63,59
63,60
63,62
63,64
63,65
63,67
63,68
63,70
63,129
63,130
63,132
63,133
63,135
63,136
63,138
63,140
63,141
64,0
64,1
66,0
66,2
66,3
66,5
66,6
66,8
66,9
66,11
66,13
66,14
68,1
68,2
68,4
69,1
69,2
69,4
74,0
74,2
74,4
74,5
76,1
76,3
78,1
78,3
89,1
89,3
89,4
89,6
90,0
90,2
90,4
90,5
90,7
90,8
90,9
90,6
90,3
90,1
89,5
89,2
89,0
78,0
76,0
74,3
74,1
69,3
69,0
68,3
68,0
66,12
66,10
66,7
66,4
66,1
64,3
63,142
63,139
63,137
63,134
63,131
63,128
63,69
63,66
63,63
63,61
63,58
63,55
63,52
63,50
63,47
63,44
63,42
63,39
63,36
63,33
63,31
63,28
63,25
63,23
63,19
63,16
63,14
63,11
63,8
63,5
63,3
63,0
56,1
54,101
54,92
54,85
54,76
54,71
54,58
54,52
54,47
54,34
54,16
54,6
54,4
54,1
51,19
51,16
51,11
51,7
51,5
51,2
49,5
49,2
49,0
47,2
33,3
33,1
30,7
30,4
30,1
27,5
27,2
26,3
26,0
22,3
22,0
20,3
20,1
14,3
14,0
13,1
7,3
7,0
0,546
0,411
0,248
0,563
0,371
0,247
0,416
0,370
0,246
0,514
0,471
0,245
0,513
0,361
0,244
0,511
0,242
0,510
0,367
0,241
0,509
0,461
0,240
0,366
0,403
0,239
0,364
0,363
0,238
0,362
0,355
0,237
0,360
0,236
0,358
0,235
0,356
0,449
0,234
0,470
0,469
0,233
0,545
0,540
0,232
0,575
0,354
0,231
0,353
0,230
0,352
0,229
0,336
0,468
0,228
0,535
0,351
0,227
0,350
0,226
0,349
0,225
0,389
0,348
0,224
0,433
0,347
0,223
0,463
0,346
0,222
0,462
0,345
0,221
0,387
0,344
0,220
0,343
0,219
0,410
0,342
0,218
0,502
0,217
0,501
0,216
0,334
0,339
0,215
0,458
0,214
0,499
0,338
0,213
0,337
0,212
0,492
0,457
0,211
0,456
0,210
0,531
0,455
0,209
0,454
0,430
0,208
0,453
0,487
0,207
0,452
0,206
0,333
0,332
0,205
0,331
0,204
0,451
0,203
0,426
0,450
0,202
0,566
0,330
0,201
0,448
0,200
0,544
0,199
0,534
0,445
0,198
0,558
0,486
0,197
0,444
0,196
0,443
0,428
0,195
0,442
0,194
0,325
0,193
0,328
0,322
0,192
0,440
0,478
0,63
0,494
0,321
0,62
0,543
0,61
0,467
0,438
0,60
0,557
0,320
0,59
0,437
0,58
0,493
0,318
0,57
0,317
0,56
0,436
0,55
0,407
0,435
0,54
0,573
0,316
0,53
0,561
0,315
0,52
0,570
0,314
0,51
0,491
0,313
0,50
0,312
0,49
0,569
0,311
0,48
0,489
0,310
0,47
0,309
0,46
0,329
0,306
0,45
0,397
0,301
0,6
0,5
0,1
0,11
0,4
0,2
0,3
0,7
